number of clusters: 5
CLUSTER:
	[73, 1, 0, 1, 1, 3, 1, 1, 2, 1, 1]
	[27, 1, 0, 1, 1, 2, 1, 1, 2, 1, 1]
	[10, 1, 0, 1, 1, 1, 1, 1, 2, 1, 1]
	[10, 1, 0, 1, 1, 2, 1, 2, 2, 1, 1]
	[6, 1, 0, 2, 1, 3, 1, 1, 2, 1, 1]
Classifiers:
	(1, 0, 0): 8
	(0, 0, 0): 118
CLUSTER:
	[49, 6, 2, 0, 1, 2, 1, 1, 2, 1, 1]
	[38, 6, 2, 0, 1, 2, 1, 1, 1, 1, 1]
	[27, 6, 2, 0, 1, 3, 1, 1, 1, 1, 1]
	[23, 6, 2, 0, 1, 2, 1, 2, 1, 1, 1]
	[21, 6, 2, 0, 1, 3, 1, 1, 2, 1, 1]
	[20, 6, 1, 0, 1, 2, 1, 1, 2, 1, 1]
	[17, 6, 2, 0, 1, 2, 1, 2, 2, 1, 1]
	[15, 6, 1, 0, 1, 3, 1, 1, 2, 1, 1]
	[11, 6, 2, 0, 1, 1, 1, 1, 2, 1, 1]
	[11, 6, 2, 0, 1, 3, 1, 2, 2, 1, 1]
	[10, 6, 3, 0, 1, 2, 1, 2, 2, 1, 1]
	[9, 6, 2, 0, 1, 3, 1, 2, 1, 1, 1]
	[7, 6, 2, 0, 1, 1, 1, 2, 2, 1, 1]
	[6, 6, 1, 0, 1, 1, 1, 1, 2, 1, 1]
	[6, 6, 3, 0, 1, 2, 1, 1, 1, 1, 1]
	[5, 6, 1, 0, 1, 2, 1, 1, 1, 1, 1]
Classifiers:
	(1, 0, 0): 15
	(0, 1, 0): 2
	(0, 0, 0): 256
	(2, 0, 0): 2
CLUSTER:
	[43, 2, 1, 1, 1, 3, 1, 1, 2, 1, 1]
	[25, 2, 2, 1, 1, 3, 1, 1, 2, 1, 1]
	[24, 2, 1, 1, 1, 2, 1, 1, 2, 1, 1]
	[24, 3, 1, 1, 1, 3, 1, 1, 2, 1, 1]
	[19, 2, 2, 1, 1, 2, 1, 1, 2, 1, 1]
	[15, 3, 2, 1, 1, 3, 1, 1, 2, 1, 1]
	[12, 2, 2, 1, 1, 2, 1, 2, 2, 1, 1]
	[11, 3, 2, 1, 1, 2, 1, 2, 2, 1, 1]
	[9, 2, 1, 1, 1, 2, 1, 2, 2, 1, 1]
	[9, 3, 1, 1, 1, 2, 1, 1, 2, 1, 1]
	[8, 3, 2, 2, 1, 3, 1, 1, 2, 1, 1]
	[7, 2, 2, 1, 1, 3, 1, 2, 2, 1, 1]
	[7, 3, 1, 2, 1, 3, 1, 1, 2, 1, 1]
	[6, 2, 2, 1, 2, 2, 1, 1, 2, 1, 1]
	[6, 2, 2, 2, 1, 3, 1, 1, 2, 1, 1]
	[6, 2, 3, 1, 1, 2, 1, 2, 2, 1, 1]
	[6, 3, 3, 1, 1, 3, 1, 1, 2, 1, 1]
	[5, 2, 3, 1, 1, 3, 1, 2, 2, 1, 1]
Classifiers:
	(1, 1, 0): 1
	(3, 0, 0): 4
	(0, 0, 0): 202
	(2, 1, 0): 2
	(1, 0, 0): 27
	(0, 1, 0): 3
	(5, 0, 0): 1
	(2, 0, 0): 1
	(2, 2, 0): 1
CLUSTER:
	[15, 3, 3, 2, 1, 3, 1, 2, 2, 1, 1]
	[13, 3, 3, 2, 1, 3, 1, 1, 2, 1, 1]
	[11, 3, 3, 2, 1, 2, 1, 2, 2, 1, 1]
	[7, 3, 3, 1, 1, 3, 1, 2, 2, 1, 1]
	[7, 3, 3, 2, 2, 2, 1, 2, 2, 1, 1]
	[7, 4, 3, 2, 1, 2, 1, 2, 2, 1, 1]
	[7, 4, 3, 2, 1, 3, 1, 2, 2, 1, 1]
	[6, 4, 3, 1, 1, 2, 1, 2, 2, 1, 1]
	[5, 5, 3, 2, 1, 2, 1, 2, 2, 1, 1]
Classifiers:
	(0, 2, 0): 1
	(3, 0, 0): 4
	(0, 0, 0): 45
	(4, 0, 0): 2
	(1, 0, 0): 16
	(0, 1, 0): 6
	(2, 0, 0): 3
	(4, 1, 0): 1
CLUSTER:
	[7, 5, 3, 2, 2, 2, 1, 2, 2, 1, 1]
Classifiers:
	(1, 0, 0): 1
	(3, 0, 0): 1
	(0, 0, 0): 3
	(2, 0, 0): 1
	(1, 0, 1): 1
